33
80
45
95
84
13
70
53
97
53
39
88
23
55
9
96
80
28
23
2
89
54
92
48
74
82
10
6
36
10
75
15
97
34
55
74
55
81
56
26
88
36
59
54
78
83
91
76
60
50
67
81
56
1
56
25
85
56
68
42
4
13
37
50
9
71
55
55
6
86
83
68
46
42
81
48
95
82
28
11
18
7
10
92
88
93
78
9
50
77
96
85
79
62
54
73
31
69
40
2
26
3
85
72
100
4
81
68
55
52
65
69
62
59
24
62
75
17
76
20
71
11
95
31
69
94
41
43
85
28
59
1
57
51
91
91
51
42
87
58
78
76
72
11
11
99
29
79
8
12
20
76
82
1
63
41
23
29
58
80
66
34
11
6
55
54
69
80
94
37
63
92
87
50
68
45
100
19
19
3
96
13
69
85
56
36
84
40
27
4
36
28
28
64
92
88
57
81
93
96
36
54
45
51
28
99
41
59
2
7
12
18
5
85
45
92
67
66
92
59
10
24
61
9
24
8
98
100
2
0
56
38
63
89
16
0
4
67
67
24
61
83
62
65
6
87
44
76
11
12
0
85
8
18
51
49
88
48
60
85
34
13
93
27
35
56
67
38
10
85
55
6
90
74
25
55
38
72
92
5
15
7
45
46
66
85
32
1
21
100
42
85
94
61
37
94
57
91
8
53
42
31
88
49
88
73
36
13
62
70
88
57
48
48
7
99
66
69
48
52
78
100
14
59
51
34
57
46
80
35
49
36
2
80
66
90
79
9
86
43
46
44
44
36
15
36
32
20
2
44
31
1
25
86
10
36
90
100
30
59
4
94
5
3
85
39
53
40
88
68
9
66
20
63
10
87
84
41
33
27
20
15
0
85
46
27
49
15
100
32
59
9
90
45
67
78
99
40
18
70
33
92
19
63
57
9
60
62
8
98
40
83
98
2
97
41
4
77
95
24
88
3
2
75
39
84
86
39
49
59
97
7
19
53
90
79
30
13
77
47
83
27
84
53
79
53
44
66
26
87
14
37
19
55
23
53
39
37
45
61
5
41
34
72
66
15
72
16
70
72
52
93
91
22
29
86
79
53
19
2
61
75
46
14
43
83
96
63
92
21
87
13
11
66
97
92
70
21
54
81
7
16
68
20
46
9
41
26
41
46
76
53
83
56
55
10
42
37
12
22
77
73
100
14
84
38
64
70
40
43
44
27
32
20
23
51
86
36
9
99
99
60
41
100
73
99
26
68
88
16
27
53
68
74
33
10
78
55
92
35
57
45
77
22
55
65
53
5
38
58
29
49
39
80
9
97
50
14
54
34
65
32
21
83
36
66
88
97
81
38
13
2
59
74
13
2
95
36
47
42
10
19
3
51
95
10
2
65
24
30
11
79
67
90
0
50
73
43
98
71
84
66
79
5
97
84
88
30
84
32
89
19
94
2
46
86
18
20
70
53
93
56
71
90
67
73
85
69
51
4
99
90
44
65
96
98
36
99
90
16
66
53
79
53
26
90
32
38
15
83
73
88
56
57
25
69
32
80
34
89
46
1
71
95
1
38
98
74
90
98
18
39
68
48
96
88
50
5
77
77
11
26
59
84
70
19
2
74
60
71
10
85
90
100
38
89
39
47
82
62
51
15
32
79
79
69
94
61
72
20
59
99
1
97
38
55
50
89
61
71
32
40
9
56
69
5
48
22
47
28
98
27
20
46
58
100
57
79
52
42
86
41
60
23
57
38
11
51
51
63
25
64
66
66
3
32
73
99
71
48
8
31
14
53
82
73
20
84
75
86
51
72
5
41
26
5
25
72
27
35
51
1
51
67
71
89
18
99
84
40
29
28
37
99
3
80
57
44
74
39
32
24
60
83
57
33
98
64
96
80
82
1
80
76
50
44
19
72
78
84
18
78
28
39
69
56
5
84
51
5
38
75
77
28
69
33
62
60
26
52
80
98
48
2
64
18
61
0
26
47
10
73
52
38
91
27
0
39
91
82
90
55
29
80
95
98
71
13
57
10
25
13
29
8
90
28
45
65
32
38
21
83
89
87
63
5
15
44
75
93
62
48
7
43
20
17
61
92
84
46
10
13
3
35
73
74
36
72
46
61
16
96
51
98
5
48
86
82
63
92
38
8
100
74
85
69
92
63
53
31
61
84
60
6
20
94
92
25
82
50
45
5
2
67
1
85
19
58
48
56
84
100
15
25
91
7
33
3
4
92
65
47
33
58
65
39
11
96
99
72
53
6
67
2
62
94
42
81
8
70
