48
64
63
36
51
18
51
78
86
56
51
7
25
38
95
14
12
39
27
30
4
91
92
77
53
38
7
39
16
60
45
43
91
17
26
35
81
58
99
24
7
100
55
2
81
54
17
55
94
67
83
39
95
21
80
33
4
89
22
74
2
51
22
80
75
28
30
48
85
27
16
13
97
33
75
49
99
84
62
4
1
18
88
69
80
72
3
67
68
75
17
90
53
49
93
4
21
89
66
95
63
23
12
44
78
9
5
61
24
36
67
88
22
72
86
0
96
82
24
49
27
71
91
38
40
80
35
28
16
99
84
53
26
12
89
8
83
59
29
25
54
46
63
29
51
26
13
45
57
44
96
87
31
35
6
96
45
89
69
48
89
9
38
74
59
43
100
99
55
100
54
85
67
66
36
38
34
15
82
91
60
90
100
65
48
37
40
70
18
0
20
10
52
68
54
52
11
51
50
23
93
36
94
57
64
16
78
11
96
4
60
87
9
89
85
95
68
57
28
99
65
82
25
12
91
6
47
87
34
57
38
86
46
21
62
81
79
77
98
13
79
26
100
51
42
50
86
53
60
85
93
21
60
24
48
69
68
78
92
71
1
9
24
86
54
76
8
71
3
8
29
93
92
49
84
22
68
85
75
12
35
57
22
8
52
56
38
17
41
29
92
49
63
51
90
59
62
59
25
65
26
4
48
68
67
67
24
29
24
19
52
79
26
44
69
19
59
13
35
71
53
67
57
69
0
78
80
25
6
83
24
5
21
89
49
39
81
39
28
48
63
89
34
91
33
28
23
28
31
62
14
53
19
69
76
20
57
92
48
50
69
50
14
47
24
47
2
17
94
81
82
60
92
10
38
85
64
89
24
95
50
73
81
33
34
93
17
43
46
50
20
3
6
85
31
37
53
23
28
56
58
58
99
22
42
95
9
76
52
67
29
41
63
34
43
37
56
5
12
33
83
6
99
6
26
61
70
23
53
19
60
87
32
62
27
54
76
5
69
92
31
17
40
31
20
23
25
49
36
17
52
9
31
93
59
45
83
26
79
67
30
28
92
97
66
86
44
8
48
29
14
49
2
13
96
51
99
10
26
40
91
50
42
91
11
21
59
79
92
37
92
8
27
52
93
84
3
96
51
60
93
42
68
20
60
52
59
0
72
40
22
11
60
57
39
21
31
99
90
95
3
34
55
85
98
99
98
44
60
81
67
42
62
94
67
42
47
40
46
86
21
70
68
91
50
98
29
41
62
51
62
39
35
34
98
59
83
90
91
87
13
21
15
94
6
99
94
23
35
30
91
44
83
47
60
90
88
46
93
65
93
100
5
93
71
64
36
32
34
52
97
61
70
52
4
97
43
45
40
8
64
57
42
76
70
67
51
35
2
66
74
17
17
46
92
90
86
76
83
100
65
51
27
86
0
62
21
9
28
31
41
27
90
39
79
96
99
46
21
57
43
23
16
79
93
30
3
94
79
87
73
24
65
79
43
20
1
17
94
63
82
58
59
60
8
68
87
17
1
1
81
81
91
68
68
56
63
94
64
43
75
85
47
33
42
95
6
9
51
18
25
21
86
12
26
4
29
92
69
42
21
35
82
81
68
77
18
31
15
87
9
35
62
54
33
21
40
74
43
86
8
49
69
22
78
74
100
98
42
5
37
30
27
74
73
70
69
88
11
46
99
57
63
32
27
1
67
18
27
68
15
72
35
80
99
6
63
83
74
31
58
59
5
38
94
36
99
42
69
4
3
78
88
73
67
2
60
65
77
19
70
20
60
63
50
78
98
12
92
70
1
42
86
31
25
86
35
90
38
59
36
30
32
6
12
28
75
81
16
83
89
92
94
4
42
6
39
80
39
90
10
75
42
74
29
14
58
50
83
77
2
76
83
18
39
61
18
58
59
50
100
29
34
14
100
53
13
57
61
47
24
32
34
69
68
53
43
74
79
89
57
92
80
95
46
99
10
47
67
86
16
98
62
88
24
6
6
43
75
86
63
73
8
86
7
2
99
35
79
16
67
26
27
90
36
25
24
29
22
60
2
78
35
14
91
58
50
7
42
9
26
93
11
22
96
72
2
50
61
99
39
19
34
17
82
75
38
45
35
15
28
20
23
82
56
0
77
51
94
29
38
55
12
52
25
26
2
70
54
64
45
7
82
15
82
38
99
73
27
73
84
7
54
100
96
14
0
74
57
43
40
71
81
28
63
81
14
68
45
86
89
12
28
8
91
48
10
42
67
3
44
61
43
36
47
68
39
15
26
90
