73
90
2
40
96
38
96
50
33
54
0
89
57
52
16
6
26
22
32
26
6
57
84
16
53
81
95
75
100
60
78
40
54
17
92
23
47
95
61
39
73
78
34
33
76
18
78
60
57
65
24
18
18
43
0
0
61
82
83
84
39
71
27
16
55
3
69
73
15
32
80
50
54
76
35
60
3
4
62
7
93
50
100
4
62
91
37
92
51
83
18
89
47
37
10
38
18
76
34
81
78
33
90
65
20
1
12
42
90
67
3
67
78
67
51
93
31
24
11
2
1
69
51
23
95
39
67
11
17
68
8
62
11
88
41
2
63
27
99
100
18
40
90
96
85
9
93
61
94
59
10
14
75
79
27
4
19
53
91
30
46
13
65
48
16
91
95
98
64
43
80
78
8
76
40
100
1
100
99
14
44
99
92
82
55
79
83
95
99
2
23
16
73
56
96
98
74
38
97
35
92
41
34
46
45
43
49
7
92
37
85
75
20
93
72
22
68
21
40
22
62
44
11
13
66
68
70
40
22
96
35
91
35
53
81
3
50
28
92
61
41
26
55
71
13
53
48
78
90
80
67
8
83
91
35
59
29
42
8
96
71
66
7
89
59
73
36
0
17
100
57
3
90
75
25
36
55
86
86
92
75
98
45
40
56
48
100
25
24
95
84
9
67
51
46
41
11
53
18
4
72
95
47
13
31
50
81
71
13
17
45
47
62
77
51
55
58
86
40
98
16
95
57
71
2
88
15
82
44
42
44
64
90
87
32
18
13
61
18
71
26
53
18
22
35
99
34
65
22
23
79
34
75
52
80
3
24
59
46
16
70
37
39
10
4
64
69
42
13
93
29
21
0
88
7
12
6
18
47
77
34
88
69
74
53
23
2
21
48
51
4
94
52
56
40
86
83
65
32
86
98
48
64
1
66
63
82
49
26
60
66
69
42
92
18
5
21
81
70
81
76
75
12
85
11
88
73
64
90
52
14
9
61
15
38
11
94
31
73
65
99
85
22
28
70
7
67
45
16
40
57
57
69
7
33
42
82
80
4
91
61
37
64
56
2
55
82
89
95
68
38
56
30
89
3
72
69
29
71
91
27
43
2
38
91
21
94
14
67
32
28
59
9
30
86
29
4
26
72
16
52
8
59
35
86
83
36
65
12
26
5
30
72
92
26
97
34
95
43
44
22
7
8
23
62
83
84
13
75
42
78
52
34
9
71
74
52
23
55
6
42
81
92
14
52
55
28
79
36
89
81
23
85
91
42
24
55
36
0
66
45
89
96
45
7
38
28
31
26
84
58
96
43
14
70
24
84
21
54
55
80
73
49
69
88
16
86
99
49
9
66
94
67
8
8
20
83
36
25
69
77
71
19
5
45
35
66
56
31
80
42
9
23
37
29
97
26
6
29
9
6
6
60
89
29
56
94
33
46
6
65
34
77
64
44
79
65
39
86
83
94
6
7
20
17
14
38
91
44
92
62
6
41
41
45
60
16
58
92
64
50
39
95
24
37
4
39
98
8
75
35
97
49
93
30
15
61
56
11
41
7
28
72
32
26
42
90
88
96
39
53
46
62
69
28
47
11
58
52
93
62
81
28
12
62
16
97
52
60
49
1
20
43
50
57
87
28
44
100
81
90
81
19
7
20
18
4
93
22
3
95
11
5
63
0
71
2
84
97
54
95
95
86
56
88
23
39
27
24
68
27
27
94
52
75
41
23
8
80
58
40
60
60
69
6
23
19
43
19
50
55
95
58
25
48
55
36
18
72
36
93
71
92
6
34
35
60
41
67
37
6
58
48
26
34
47
60
65
29
35
72
68
92
67
62
42
39
65
23
70
74
46
86
87
88
69
18
55
49
40
87
98
48
52
72
16
51
72
47
53
1
97
95
23
100
39
79
1
89
7
16
39
82
56
76
11
98
54
13
1
59
91
9
86
0
46
64
67
91
28
79
64
27
69
17
52
6
49
86
91
65
26
27
66
26
64
1
26
99
53
17
42
3
20
32
16
66
50
45
74
97
43
37
54
77
54
45
7
5
27
69
100
38
25
58
77
34
57
36
100
100
91
58
9
6
42
73
47
23
28
81
99
25
100
61
0
46
85
80
70
57
61
45
7
43
41
59
20
18
57
89
99
90
48
69
62
16
12
48
25
7
67
21
24
90
72
57
74
85
85
94
31
14
9
27
93
38
23
63
22
37
70
3
13
93
43
56
50
17
49
39
21
17
44
28
91
75
88
71
64
89
55
6
4
87
46
28
1
70
2
